//----- Variables -----------------------------------------------------------------------------------------------------

AREA = 0
Battleover? = 0
bounceoffset = 400
buttoned = 0
Change = 0
ctext = 2
enemy1killed = 0
EnemyHP = 0
Enemy No.2 = 0
Force = 1.1
hi = 100
HOVERITEM = 0
largedir = -1656
Life = 3
msg scroll = 3.99
music state = 0
muteb = 739
NudgeX = 0
NudgeY = 0
openball = 0
s = 0
Score = 0
shield dir = -1656
story despite battle = 0
tl = 0
tr = 0
ttt = 24.84
x2 dur = -1656
xxx = 205.13725761909
xxxx2 = 38
y = 0
yyy = -124.25534572554
yyyy2 = 42


//----- Lists ---------------------------------------------------------------------------------------------------------

A Message Log = { }
Character exp = { }
Character levels = { }
Character Stats AAADDDSSS = { }
exp cap = { }
Exp Table = { }
ItemCounter = { }
mon stat AAADDSSHHHHEEEEM = { }
xx = { 
    204
    204
    204
    204
    204
    204
    199
    199
    206
    206
    206
    206
    206
    206
    206
    206
    204
    204
    203
    203
    201
    201
    200
    200
    198
    197
    199
    199
    199
    199
    199
    199
    199
    199
    198
    198
    198
    198
    198
    198
    197
    197
    197
    197
    197
    197
    196
    196
    196
    196
    196
    196
    196
    196
    195
    195
    195
    195
    195
    195
    195
    195
    195
    194
    194
    194
    194
    194
    194
    194
    194
    194
    194
    195
    195
    200
    204
    208
    212
    216
    216
    214
    214
    214
    211
    208
    205
    203
    200
    197
    198
    198
    198
    199
    199
    200
    200
    201
    201
    202
    202
    203
    203
    203
    204
    204
    205
    205
    205
    205
    206
    206
    206
    207
    207
    207
    207
    208
    208
    208
    209
    209
    209
    209
    210
    210
    210
    210
    211
    211
    211
    211
    212
    212
    212
    212
    212
    212
    213
    213
    213
    213
    213
    214
    214
    214
    214
    214
    214
    215
    215
    215
    215
    215
    215
    216
    216
    216
    216
    216
    216
    216
    217
    217
    217
    217
    217
    217
    217
    217
    217
    215
    215
    215
    214
    214
    214
    214
    214
    214
    213
    213
    213
    213
    213
    213
    212
    212
    212
    212
    212
    212
    212
    212
    212
    212
    211
    211
    211
    211
    211
    211
    211
    211
    210
    210
    210
    210
    210
    210
    210
    210
    210
    210
    210
    210
    209
    209
    209
    209
    209
    209
    209
    209
    209
    209
    209
    209
    209
    209
    209
    208
    208
    208
    208
    208
    208
    208
    208
    208
    208
    208
    208
    208
    208
    208
    208
    208
    208
    208
    207
    207
    207
    207
    207
    207
    207
    207
    207
    207
    207
    207
    207
    207
    207
    207
    207
    207
    207
    207
    207
    207
    207
    207
    207
    207
    207
    207
    207
    207
    207
    206
    206
    206
    206
    206
    206
    206
    206
    206
    206
    206
    206
    206
    206
    206
    206
    206
    206
    206
    206
    206
    206
    206
    206
    206
    206
    206
    206
    206
    206
    206
    206
    206
    206
    206
    206
    206
    206
    206
    206
    206
    206
    206
    206
    206
    206
    206
    206
    206
    206
    206
    206
    206
    206
    206
    206
    206
    206
    206
    206
    206
    206
    206
    206
    206
    206
    206
    206
    206
    206
    206
    206
    206
    206
    206
    205
    205
    205
    205
    205
    205
    205
    205
    205
    205
    205
    205
    205
    205
    205
    205
    205
    205
    205
    205
    205
    205
    205
    205
    205
    205
    205
    205
    205
    205
    205
    205
    205
    205
    205
    205
    205
    205
    205
    205
    205
    205
    205
    205
    205
    205
    205
    205
    205
    205
    205
    205
    205
    205
    205
    205
    205
    205
    205
    205
    205
    205
    205
    205
    205
    205
    205
    205
    205
    205
    205
    205
    205
    205
    205
    205
    205
    205
    205
    205
    205
    205
    205
    205
    205
    205
    205
    205
    205
    205
    205
    205
    205
    205
    205
    205
    205
    205
    205
    205
    205
    205
    205
    205
    205
    205
    205
    205
    205
    205
    205
    205
    205
    205
    205
    205
    205
    205
    205
    205
    205
    205
    205
    205
    205
    205
    205
    205
    205
    205
    205
    205
    205
    205
    205
    205
    205
    205
    205
    205
    205
    205
    205
    205
    205
    205
    205
    205
    205
    205
    205
    205
    205
    205
    205
    205
    205
    205
    205
    205
    205
    205
    205
    205
    205
    205
    205
    205
    205
    205
    205
    205
    205
    205
    205
    205
    205
    205
    205
    205
    205
    205
    205
    205
    205
    205
    205
    205
    205
    205
    205
    205
    205
    205
    205
    205
    205
    205
    205
    205
    205
    205
    205
    205
    205
    205
    205
    205
    205
    205
    205
    205
    205
    205
    205
    205
    205
    205
    205
    205
    205
    205
    205
    205
    205
    205
    205
    205
    205
    205
    205
    205
    205
    205
    205
    205
    205
    205
    205
    205
    205
    205
    205
    205
    205
    205
    205
    205
    205
    205
    205
    205
    205
    205
    205
    205
    205
    205
    205
    205
    205
    205
    205
    205
    205
    205
    205
    205
    205
    205
    205
    205
    205
    205
    205
    205
    205
    205
    205
    205
    205
    205
    205
    205
    205
    205
    205
    205
    205
    205
    205
    205
    205
    205
    205
    205
    205
    205
    205
    205
    205
    205
    205
    205
    205
    205
    205
    205
    205
    205
    205
    205
    205
    205
    205
    205
    205
    205
    205
    205
    205
    205
    205
    205
    205
    205
    205
    205
    205
    205
    205
    205
    205
    205
    205
    205
    205
    205
    205
    205
    205
    205
    205
    205
    205
    205
    205
    205
    205
    205
    205
    205
    205
    205
    205
    205
    205
    205
    205
    205
    205
    205
    205
    205
    205
    205
    205
    205
    205
    205
    205
    205
    205
    205
    205
    205
    205
    205
    205
    205
    205
    205
    205
    205
    205
    205
    205
    205
    205
    205
    205
    205
    205
    205
    205
    205
    205
    205
    205
    205
    205
    205
    205
    205
    205
    205
    205
    205
    205
    205
    205
    205
    205
    205
    205
    205
    205
    205
    205
    205
    205
    205
    205
    205
    205
    205
    205
    205
    205
    205
    205
    205
    205
    205
    205
    205
    205
    205
    205
    205
    205
    205
    205
    205
    205
    205
    205
    205
    205
    205
    205
    205
    205
    205
    205
    205
    205
    205
    205
    205
    205
    205
    205
    205
    205
    205
    205
    205
    205
    205
    205
    205
    205
    205
    205
    205
    205
    205
}
yy = { 
    -117
    -117
    -117
    -117
    -117
    -117
    -116
    -116
    -116
    -116
    -116
    -116
    -116
    -116
    -116
    -116
    -117
    -117
    -116
    -116
    -117
    -117
    -116
    -116
    -117
    -116
    -107
    -97
    -97
    -97
    -97
    -96
    -96
    -97
    -100
    -96
    -91
    -87
    -83
    -80
    -77
    -74
    -71
    -69
    -67
    -65
    -63
    -62
    -61
    -61
    -60
    -60
    -60
    -60
    -61
    -62
    -63
    -64
    -66
    -68
    -70
    -72
    -75
    -77
    -80
    -84
    -87
    -91
    -95
    -99
    -103
    -108
    -113
    -115
    -115
    -117
    -117
    -117
    -116
    -117
    -117
    -117
    -117
    -117
    -117
    -117
    -116
    -117
    -116
    -117
    -116
    -116
    -116
    -115
    -115
    -114
    -114
    -114
    -114
    -114
    -115
    -116
    -117
    -117
    -117
    -117
    -117
    -117
    -116
    -116
    -116
    -116
    -116
    -117
    -117
    -116
    -117
    -116
    -117
    -117
    -117
    -117
    -116
    -117
    -116
    -117
    -117
    -116
    -117
    -116
    -116
    -116
    -116
    -117
    -116
    -117
    -116
    -116
    -117
    -116
    -116
    -117
    -117
    -117
    -116
    -117
    -116
    -117
    -117
    -116
    -117
    -117
    -116
    -116
    -117
    -117
    -116
    -117
    -117
    -116
    -117
    -116
    -116
    -116
    -116
    -116
    -117
    -116
    -117
    -116
    -116
    -116
    -116
    -116
    -117
    -116
    -116
    -117
    -116
    -117
    -116
    -116
    -116
    -116
    -117
    -117
    -116
    -116
    -117
    -117
    -117
    -117
    -116
    -116
    -116
    -116
    -117
    -116
    -117
    -116
    -116
    -117
    -117
    -116
    -116
    -117
    -116
    -116
    -117
    -117
    -117
    -116
    -116
    -116
    -116
    -116
    -117
    -117
    -117
    -116
    -117
    -116
    -116
    -116
    -116
    -117
    -117
    -116
    -117
    -117
    -117
    -116
    -117
    -117
    -116
    -117
    -117
    -117
    -116
    -117
    -117
    -116
    -117
    -117
    -116
    -116
    -116
    -117
    -117
    -116
    -116
    -116
    -116
    -116
    -117
    -117
    -117
    -117
    -117
    -116
    -117
    -117
    -116
    -117
    -116
    -116
    -116
    -116
    -116
    -117
    -116
    -117
    -117
    -116
    -117
    -116
    -116
    -116
    -116
    -116
    -117
    -116
    -117
    -117
    -116
    -117
    -117
    -117
    -116
    -117
    -117
    -116
    -117
    -105
    -96
    -96
    -96
    -96
    -96
    -96
    -96
    -96
    -105
    -100
    -95
    -91
    -86
    -83
    -79
    -76
    -73
    -70
    -68
    -66
    -64
    -62
    -61
    -60
    -59
    -59
    -58
    -58
    -59
    -59
    -60
    -61
    -62
    -64
    -66
    -68
    -70
    -72
    -75
    -78
    -81
    -85
    -88
    -92
    -96
    -101
    -105
    -110
    -115
    -116
    -117
    -117
    -116
    -116
    -117
    -117
    -117
    -117
    -116
    -116
    -117
    -116
    -116
    -116
    -116
    -116
    -105
    -97
    -117
    -115
    -113
    -112
    -110
    -109
    -109
    -108
    -108
    -108
    -108
    -109
    -110
    -111
    -112
    -113
    -115
    -117
    -117
    -116
    -117
    -117
    -116
    -116
    -116
    -117
    -105
    -97
    -97
    -90
    -90
    -90
    -90
    -90
    -90
    -91
    -88
    -80
    -72
    -65
    -58
    -51
    -44
    -38
    -32
    -27
    -22
    -17
    -12
    -8
    -4
    0
    3
    7
    9
    12
    14
    16
    18
    20
    21
    22
    22
    23
    23
    23
    22
    22
    21
    20
    18
    16
    15
    12
    10
    8
    5
    2
    -2
    -5
    -9
    -13
    -17
    -21
    -26
    -31
    -36
    -41
    -46
    -52
    -58
    -64
    -70
    -77
    -83
    -90
    -97
    -104
    -112
    -117
    -117
    -117
    -117
    -117
    -116
    -116
    -116
    -116
    -116
    -117
    -117
    -117
    -116
    -115
    -114
    -113
    -112
    -112
    -112
    -112
    -113
    -114
    -115
    -116
    -116
    -116
    -116
    -116
    -116
    -116
    -116
    -116
    -116
    -116
    -117
    -116
    -117
    -116
    -116
    -116
    -116
    -117
    -116
    -117
    -116
    -117
    -117
    -117
    -116
    -116
    -117
    -117
    -117
    -116
    -117
    -117
    -117
    -116
    -117
    -117
    -117
    -117
    -117
    -117
    -116
    -117
    -116
    -116
    -116
    -117
    -117
    -117
    -117
    -117
    -116
    -117
    -116
    -116
    -115
    -115
    -116
    -116
    -117
    -116
    -117
    -117
    -117
    -117
    -117
    -116
    -117
    -117
    -117
    -116
    -116
    -117
    -117
    -116
    -117
    -116
    -116
    -117
    -116
    -116
    -116
    -117
    -116
    -116
    -116
    -117
    -117
    -116
    -116
    -117
    -117
    -116
    -115
    -115
    -115
    -115
    -115
    -115
    -116
    -117
    -116
    -116
    -117
    -117
    -116
    -116
    -117
    -117
    -117
    -117
    -116
    -117
    -116
    -117
    -117
    -117
    -117
    -117
    -116
    -117
    -116
    -117
    -117
    -117
    -117
    -116
    -116
    -117
    -117
    -116
    -116
    -117
    -117
    -116
    -117
    -116
    -116
    -117
    -117
    -116
    -116
    -117
    -116
    -117
    -117
    -116
    -116
    -117
    -117
    -117
    -117
    -116
    -116
    -117
    -117
    -116
    -117
    -117
    -116
    -116
    -116
    -117
    -117
    -116
    -117
    -117
    -116
    -117
    -117
    -117
    -116
    -117
    -117
    -116
    -117
    -117
    -116
    -117
    -116
    -116
    -117
    -116
    -116
    -116
    -117
    -116
    -116
    -116
    -117
    -117
    -117
    -117
    -117
    -116
    -117
    -116
    -115
    -115
    -115
    -115
    -116
    -116
    -117
    -117
    -116
    -116
    -116
    -116
    -116
    -117
    -117
    -117
    -116
    -116
    -117
    -116
    -116
    -117
    -117
    -117
    -116
    -116
    -117
    -116
    -116
    -116
    -117
    -117
    -117
    -117
    -117
    -117
    -117
    -116
    -117
    -116
    -116
    -116
    -116
    -116
    -117
    -116
    -117
    -116
    -116
    -116
    -116
    -116
    -117
    -117
    -117
    -117
    -116
    -117
    -116
    -117
    -117
    -117
    -117
    -117
    -116
    -117
    -116
    -117
    -117
    -117
    -117
    -116
    -117
    -117
    -117
    -117
    -116
    -117
    -117
    -117
    -116
    -116
    -117
    -117
    -117
    -117
    -116
    -117
    -116
    -117
    -117
    -116
    -117
    -117
    -116
    -116
    -117
    -117
    -116
    -117
    -117
    -116
    -117
    -116
    -116
    -116
    -116
    -116
    -117
    -116
    -117
    -117
    -116
    -117
    -116
    -116
    -116
    -116
    -117
    -117
    -116
    -116
    -116
    -116
    -116
    -117
    -117
    -117
    -117
    -117
    -116
    -117
    -117
    -116
    -117
    -116
    -116
    -116
    -116
    -116
    -117
    -116
    -117
    -117
    -116
    -117
    -116
    -116
    -116
    -116
    -117
    -117
}
zAdditional HP characters (*10) = { }


//----- Green flag events ---------------------------------------------------------------------------------------------

WhenGreenFlagClicked()
{
    Event.BroadcastAndWait("START");
}


//----- Broadcast received events -------------------------------------------------------------------------------------

WhenBroadcastReceived(START)
{
    NudgeX = 0;
    NudgeY = 0;
    Score = 0;
    ttt = 0;
    largedir = 0;
    Forever
    {
        NudgeX = (NudgeX / 1.5);
        NudgeY = (NudgeY / 1.5);
        ttt += 0.03;
        shield dir += -2;
        x2 dur += -2;
        largedir += -2;
        Looks.ChangeEffectBy(COLOR, 3);
    }
}

WhenBroadcastReceived(START)
{
    Sound.SetEffectTo(PITCH, -185);
    Sound.SetVolumeTo(79);
    Forever
    {
        Sound.PlayUntilDone(18 - map mode);
    }
}

WhenBroadcastReceived(START)
{
    Sound.SetEffectTo(PITCH, -249);
    Sound.SetVolumeTo(37);
    Control.Wait(3);
    Repeat (7)
    {
        Sound.ChangeVolumeBy(6);
        Sound.ChangeEffectBy(PITCH, -4);
    }
}

WhenBroadcastReceived(START)
{
    Sound.ChangeEffectBy(PITCH, 9);
    If (Life > 0)
    {
        Sound.SetVolumeTo(37);
        Repeat (7)
        {
            Sound.ChangeVolumeBy(6);
        }
    }
}


//----- Costumes ------------------------------------------------------------------------------------------------------

backdrop1.png


//----- Sounds --------------------------------------------------------------------------------------------------------

18 - map mode.wav
