//----- Variables -----------------------------------------------------------------------------------------------------

AREA = 0
Battleover? = 0
bounceoffset = 354
buttoned = 0
Change = 1
ctext = 2
enemy1killed = 0
EnemyHP = 0
Enemy No.2 = 0
Force = 1
hi = 100
HOVERITEM = 0
largedir = -806
Life = 3
msg scroll = 3.99
music state = 0
muteb = 354
NudgeX = 9.0748498472906E-35
NudgeY = 5.4526549571032E-14
openball = 0
s = 0
Score = 0
shield dir = -806
story despite battle = 0
tl = 0
tr = 0
ttt = 12.09
x2 dur = -806
xxx = 209.94617693511
xxxx2 = 38
y = 0
yyy = -122.55369900277
yyyy2 = 42


//----- Lists ---------------------------------------------------------------------------------------------------------

A Message Log = { }
Character exp = { }
Character levels = { }
Character Stats AAADDDSSS = { }
exp cap = { }
Exp Table = { }
ItemCounter = { }
mon stat AAADDSSHHHHEEEEM = { }
xx = { 
    204
    204
    204
    204
    204
    204
    7
    7
    204
    204
    204
    204
    204
    204
    204
    204
    204
    204
    204
    204
    204
    204
    204
    204
    204
    204
    204
    204
    204
    204
    204
    204
    204
    204
    204
    204
    204
    204
    204
    204
    204
    204
    204
    204
    204
    204
    204
    204
    204
    204
    204
    204
    204
    204
    204
    204
    204
    204
    204
    204
    204
    204
    204
    204
    204
    204
    204
    204
    204
    204
    204
    204
    204
    204
    204
    204
    204
    204
    204
    204
    204
    204
    204
    204
    204
    204
    204
    204
    204
    204
    204
    204
    204
    204
    204
    204
    204
    204
    204
    204
    204
    204
    204
    204
    204
    204
    204
    204
    204
    204
    204
    204
    204
    204
    204
    204
    204
    204
    204
    204
    204
    204
    204
    204
    204
    204
    204
    204
    204
    204
    204
    204
    204
    204
    204
    204
    204
    204
    204
    204
    204
    204
    204
    204
    204
    204
    204
    204
    204
    204
    204
    204
    204
    204
    204
    204
    203
    203
    203
    203
    203
    203
    202
    202
    202
    201
    201
    201
    201
    201
    200
    200
    199
    199
    198
    198
    198
    198
    197
    197
    197
    197
    197
    197
    197
    197
    197
    197
    197
    197
    198
    198
    198
    198
    198
    199
    199
    199
    200
    200
    201
    201
    202
    202
    202
    203
    204
    204
    205
    205
    206
    206
    206
    207
    207
    207
    207
    208
    208
    208
    209
    209
    209
    209
    210
    210
    210
    211
    211
    211
    211
    211
    212
    212
    212
    212
    212
    212
    213
    213
    213
    213
    213
    213
    214
    214
    214
    214
    214
    215
    215
    215
    215
    215
    216
    216
    216
    216
    216
    216
    216
    216
    217
    217
    217
    217
    217
    217
    217
    217
    215
    215
    215
    214
    214
    214
    214
    214
    214
    214
    214
    214
    214
    214
    214
    214
    213
    213
    213
    213
    213
    213
    213
    213
    213
    213
    213
    213
    213
    213
    213
    213
    213
    212
    212
    212
    212
    212
    212
    212
    212
    212
    212
    212
    212
    212
    212
    212
    212
    212
    212
    212
    212
    212
    212
    212
    211
    211
    211
    211
    211
    211
    211
    211
    211
    211
    211
    211
    211
    211
    211
    211
    211
    211
    211
    211
    211
    211
    211
    211
    211
    211
    211
    211
    211
    211
    211
    211
    211
    211
    211
    211
    211
    211
    210
    210
    210
    210
    210
    210
    210
    210
    210
    210
    210
    210
    210
    210
    210
    210
    210
    210
    210
    210
    210
    210
    210
    210
    210
    210
    210
    210
    210
    210
    210
    210
    210
    210
    210
    210
    210
    210
    210
    210
    210
    210
    210
    210
    210
}
yy = { 
    -117
    -117
    -117
    -117
    -117
    -117
    -111
    -111
    -117
    -117
    -117
    -117
    -117
    -117
    -117
    -116
    -116
    -116
    -115
    -114
    -113
    -112
    -111
    -111
    -111
    -112
    -112
    -113
    -114
    -115
    -117
    -117
    -117
    -117
    -116
    -116
    -117
    -117
    -116
    -116
    -117
    -116
    -116
    -117
    -117
    -116
    -116
    -115
    -106
    -116
    -113
    -117
    -115
    -115
    -106
    -116
    -112
    -112
    -110
    -109
    -109
    -108
    -108
    -108
    -108
    -108
    -107
    -110
    -112
    -113
    -115
    -115
    -106
    -116
    -112
    -116
    -114
    -114
    -107
    -117
    -112
    -116
    -115
    -117
    -109
    -117
    -112
    -117
    -114
    -115
    -109
    -115
    -112
    -116
    -115
    -114
    -106
    -116
    -113
    -117
    -114
    -117
    -115
    -116
    -109
    -117
    -112
    -117
    -114
    -116
    -108
    -116
    -113
    -116
    -115
    -114
    -114
    -114
    -114
    -115
    -115
    -116
    -117
    -117
    -117
    -116
    -117
    -117
    -116
    -116
    -116
    -116
    -117
    -117
    -116
    -117
    -116
    -116
    -108
    -116
    -112
    -117
    -114
    -115
    -107
    -117
    -112
    -114
    -113
    -112
    -112
    -111
    -111
    -112
    -112
    -113
    -114
    -115
    -116
    -116
    -116
    -116
    -117
    -117
    -117
    -117
    -117
    -116
    -116
    -117
    -117
    -117
    -116
    -117
    -116
    -115
    -115
    -114
    -115
    -115
    -116
    -116
    -116
    -117
    -117
    -116
    -116
    -117
    -117
    -117
    -117
    -117
    -117
    -117
    -117
    -117
    -117
    -116
    -116
    -116
    -117
    -116
    -116
    -116
    -117
    -117
    -116
    -117
    -117
    -116
    -116
    -116
    -116
    -116
    -116
    -116
    -116
    -117
    -116
    -117
    -117
    -117
    -117
    -117
    -116
    -117
    -116
    -117
    -117
    -117
    -116
    -116
    -117
    -114
    -106
    -116
    -113
    -117
    -115
    -115
    -107
    -117
    -113
    -113
    -112
    -110
    -107
    -109
    -108
    -108
    -108
    -109
    -108
    -111
    -112
    -114
    -114
    -116
    -108
    -116
    -112
    -116
    -114
    -117
    -108
    -116
    -113
    -116
    -115
    -117
    -115
    -117
    -117
    -117
    -116
    -117
    -108
    -116
    -113
    -116
    -106
    -116
    -113
    -117
    -114
    -115
    -107
    -115
    -113
    -116
    -114
    -117
    -109
    -117
    -112
    -117
    -115
    -115
    -107
    -117
    -112
    -115
    -114
    -114
    -114
    -114
    -108
    -115
    -112
    -117
    -115
    -116
    -109
    -117
    -112
    -116
    -114
    -116
    -109
    -117
    -112
    -117
    -115
    -116
    -109
    -117
    -113
    -116
    -115
    -117
    -108
    -116
    -113
    -117
    -114
    -117
    -115
    -116
    -116
    -116
    -116
    -117
    -117
    -116
    -116
    -117
    -116
    -117
    -117
    -117
    -117
    -117
    -116
    -117
    -116
    -117
    -117
    -117
    -116
    -117
    -117
    -117
    -116
    -116
    -117
    -117
    -116
    -117
    -116
    -116
    -116
    -116
    -117
    -117
    -116
    -116
    -116
    -117
    -117
    -117
    -117
    -116
    -116
    -116
    -117
    -117
    -116
    -117
    -117
    -116
    -117
    -116
    -117
    -117
    -117
    -117
    -116
    -116
    -116
    -116
    -116
    -117
    -117
    -116
    -117
    -116
    -116
    -116
    -116
}
zAdditional HP characters (*10) = { }


//----- Green flag events ---------------------------------------------------------------------------------------------

WhenGreenFlagClicked()
{
    Event.BroadcastAndWait("START");
}


//----- Broadcast received events -------------------------------------------------------------------------------------

WhenBroadcastReceived(START)
{
    NudgeX = 0;
    NudgeY = 0;
    Score = 0;
    ttt = 0;
    largedir = 0;
    Forever
    {
        NudgeX = (NudgeX / 1.5);
        NudgeY = (NudgeY / 1.5);
        ttt += 0.03;
        shield dir += -2;
        x2 dur += -2;
        largedir += -2;
        Looks.ChangeEffectBy(COLOR, 3);
    }
}

WhenBroadcastReceived(START)
{
    Sound.SetEffectTo(PITCH, -185);
    Sound.SetVolumeTo(79);
    Forever
    {
        Sound.PlayUntilDone(18 - map mode);
    }
}

WhenBroadcastReceived(START)
{
    Sound.SetEffectTo(PITCH, -249);
    Sound.SetVolumeTo(37);
    Control.Wait(3);
    Repeat (7)
    {
        Sound.ChangeVolumeBy(6);
        Sound.ChangeEffectBy(PITCH, -4);
    }
}

WhenBroadcastReceived(START)
{
    Sound.ChangeEffectBy(PITCH, 9);
    If (Life > 0)
    {
        Sound.SetVolumeTo(37);
        Repeat (7)
        {
            Sound.ChangeVolumeBy(6);
        }
    }
}


//----- Costumes ------------------------------------------------------------------------------------------------------

backdrop1.png


//----- Sounds --------------------------------------------------------------------------------------------------------

18 - map mode.wav
